2 0 6
3 1 4
8 2 5
7 3 6
7 4 8
6 5 3
9 6 3
2 7 0
1 8 1
8 9 4
8 10 8
4 11 9
1 12 0
5 13 3
1 14 4
4 15 7
7 16 3
3 17 5
6 18 7
1 19 3
8 20 5
3 21 3
1 22 7
9 23 7
5 24 6
7 25 1
9 26 3
8 27 9
9 28 1
9 29 5
7 30 5
6 31 5
9 32 2
8 33 0
4 34 3
1 35 7
4 36 7
6 37 6
7 38 5
8 39 0
5 40 4
5 41 2
7 42 8
2 43 3
0 44 0
5 45 0
0 46 3
8 47 6
9 48 2
9 49 3
8 50 0
8 51 7
7 52 6
6 53 6
8 54 7
5 55 9
2 56 1
7 57 6
5 58 0
8 59 4
5 60 0
2 61 1
4 62 3
4 63 7
6 64 0
9 65 9
9 66 0
3 67 8
0 68 9
8 69 5
0 70 1
3 71 7
5 72 9
9 73 1
7 74 5
8 75 6
8 76 6
1 77 0
9 78 5
6 79 0
6 80 0
9 81 8
8 82 4
3 83 3
7 84 8
9 85 4
2 86 7
7 87 1
6 88 7
8 89 3
4 90 4
6 91 0
7 92 5
8 93 2
8 94 5
9 95 7
7 96 4
9 97 7
7 98 6
1 99 3
1 100 1
5 101 3
6 102 5
2 103 9
8 104 6
3 105 7
7 106 0
6 107 8
9 108 0
6 109 2
5 110 8
7 111 3
8 112 9
4 113 8
7 114 2
8 115 2
8 116 7
6 117 0
9 118 1
4 119 1
3 120 5
6 121 3
7 122 5
8 123 3
2 124 4
7 125 3
7 126 5
6 127 5
3 128 5
5 129 5
6 130 2
6 131 0
8 132 4
8 133 4
9 134 7
3 135 6
8 136 5
4 137 7
5 138 1
9 139 6
2 140 0
2 141 4
1 142 6
5 143 6
5 144 3
5 145 7
9 146 6
8 147 7
4 148 3
8 149 9
8 150 9
6 151 7
2 152 7
7 153 3
8 154 6
1 155 1
5 156 9
8 157 4
8 158 8
5 159 6
8 160 4
8 161 9
8 162 2
8 163 6
5 164 4
6 165 5
7 166 0
2 167 4
7 168 4
7 169 3
4 170 6
6 171 3
9 172 2
7 173 7
6 174 6
3 175 1
9 176 2
6 177 9
6 178 4
7 179 4
8 180 5
8 181 1
6 182 0
5 183 8
3 184 2
8 185 9
6 186 6
8 187 4
8 188 0
9 189 3
6 190 0
8 191 2
2 192 6
8 193 7
1 194 8
6 195 8
7 196 9
9 197 2
9 198 4
8 199 6
4 200 9
7 201 7
0 202 7
2 203 4
1 204 9
9 205 2
6 206 3
9 207 6
7 208 6
7 209 8
9 210 3
9 211 4
9 212 4
9 213 3
8 214 6
3 215 2
5 216 4
3 217 3
9 218 1
8 219 4
9 220 6
4 221 4
4 222 1
5 223 6
6 224 7
9 225 6
3 226 3
3 227 8
7 228 4
7 229 7
8 230 7
6 231 8
5 232 3
4 233 1
7 234 7
6 235 9
4 236 3
5 237 7
7 238 9
9 239 8
8 240 6
5 241 7
7 242 9
5 243 0
3 244 6
8 245 0
9 246 3
9 247 5
9 248 7
9 249 9
3 250 4
2 251 8
7 252 9
5 253 7
1 254 7
0 255 6
8 256 2
4 257 4
4 258 1
9 259 0
5 260 3
6 261 6
3 262 2
5 263 0
7 264 8
5 265 1
5 266 0
3 267 5
6 268 0
9 269 3
3 270 0
5 271 1
8 272 0
6 273 0
4 274 6
8 275 8
3 276 3
6 277 3
5 278 0
9 279 9
3 280 9
9 281 8
8 282 2
9 283 8
9 284 7
9 285 9
1 286 0
8 287 4
2 288 4
9 289 7
5 290 6
8 291 7
5 292 2
6 293 5
5 294 1
6 295 9
2 296 6
8 297 6
4 298 4
2 299 0
9 300 4
8 301 3
8 302 1
9 303 1
2 304 4
9 305 7
6 306 0
7 307 5
9 308 9
6 309 7
9 310 7
3 311 2
9 312 2
3 313 5
6 314 8
1 315 0
9 316 4
5 317 4
7 318 1
6 319 8
6 320 9
6 321 7
6 322 1
7 323 3
3 324 8
5 325 3
7 326 4
5 327 8
8 328 0
5 329 8
6 330 8
8 331 7
7 332 9
8 333 0
8 334 2
2 335 0
8 336 7
9 337 5
5 338 7
5 339 4
7 340 9
8 341 9
8 342 4
7 343 7
8 344 7
2 345 2
9 346 1
4 347 5
6 348 2
6 349 5
8 350 2
5 351 4
5 352 0
6 353 3
4 354 9
1 355 0
4 356 1
7 357 2
9 358 7
1 359 9
8 360 0
2 361 9
7 362 9
5 363 0
8 364 4
6 365 1
8 366 1
9 367 0
5 368 1
1 369 2
4 370 2
9 371 4
5 372 6
5 373 5
4 374 3
7 375 8
9 376 6
3 377 9
1 378 9
6 379 7
5 380 8
8 381 4
2 382 1
0 383 9
4 384 4
4 385 9
5 386 8
7 387 4
1 388 3
9 389 4
1 390 0
4 391 8
0 392 8
8 393 3
9 394 7
4 395 7
3 396 3
7 397 2
6 398 3
8 399 4
9 400 4
2 401 0
2 402 5
7 403 8
3 404 0
3 405 7
7 406 2
8 407 5
4 408 5
7 409 5
8 410 4
9 411 2
3 412 5
7 413 8
8 414 7
9 415 7
9 416 1
9 417 5
9 418 2
5 419 6
3 420 4
8 421 5
8 422 9
2 423 9
8 424 6
6 425 9
1 426 2
4 427 8
5 428 6
1 429 6
9 430 2
9 431 6
6 432 7
3 433 1
3 434 0
3 435 2
5 436 5
4 437 6
4 438 8
7 439 5
8 440 2
4 441 0
7 442 6
8 443 6
9 444 7
2 445 4
7 446 8
8 447 4
1 448 7
8 449 8
7 450 9
1 451 8
5 452 8
6 453 0
8 454 9
6 455 7
7 456 0
9 457 5
7 458 4
7 459 5
9 460 2
3 461 5
4 462 6
8 463 0
8 464 3
9 465 3
9 466 5
8 467 1
7 468 2
3 469 0
4 470 9
6 471 4
6 472 6
4 473 8
2 474 2
9 475 1
9 476 9
6 477 1
8 478 4
8 479 4
6 480 3
7 481 3
3 482 4
8 483 4
3 484 4
2 485 5
8 486 6
9 487 3
7 488 7
7 489 9
9 490 4
7 491 1
1 492 3
7 493 6
9 494 3
8 495 3
8 496 0
2 497 5
9 498 3
9 499 4
5 500 7
7 501 5
3 502 5
8 503 6
3 504 9
8 505 3
6 506 0
7 507 2
5 508 0
3 509 7
4 510 2
9 511 5
7 512 9
9 513 0
0 514 2
0 515 5
9 516 8
7 517 8
0 518 2
8 519 5
9 520 3
7 521 0
5 522 1
4 523 6
8 524 3
8 525 3
7 526 5
2 527 7
9 528 2
6 529 9
4 530 0
4 531 5
8 532 2
9 533 1
4 534 5
5 535 9
5 536 9
8 537 5
5 538 1
5 539 8
8 540 4
3 541 5
8 542 3
5 543 0
4 544 9
8 545 7
4 546 7
9 547 4
6 548 0
5 549 0
7 550 0
6 551 7
6 552 6
3 553 0
1 554 9
3 555 4
9 556 0
9 557 8
8 558 5
2 559 4
8 560 3
8 561 7
4 562 6
5 563 5
3 564 9
8 565 0
9 566 3
1 567 2
4 568 2
8 569 1
5 570 6
7 571 0
9 572 5
9 573 6
9 574 9
5 575 2
6 576 6
8 577 6
8 578 1
5 579 3
9 580 9
6 581 4
6 582 4
9 583 0
9 584 7
4 585 1
2 586 6
6 587 2
3 588 6
8 589 1
4 590 5
3 591 8
7 592 2
6 593 0
7 594 8
6 595 3
8 596 3
7 597 7
4 598 7
9 599 1
7 600 0
9 601 7
8 602 5
8 603 4
6 604 2
9 605 5
9 606 7
7 607 4
5 608 2
8 609 8
4 610 7
6 611 2
9 612 5
8 613 2
3 614 6
2 615 4
9 616 6
7 617 7
2 618 3
6 619 4
4 620 6
3 621 0
7 622 5
7 623 9
9 624 4
9 625 2
8 626 8
7 627 0
7 628 4
4 629 2
1 630 3
8 631 2
6 632 6
8 633 3
8 634 2
5 635 1
6 636 1
7 637 5
4 638 2
2 639 2
3 640 3
1 641 6
3 642 3
9 643 9
8 644 8
3 645 2
2 646 2
5 647 9
7 648 7
9 649 0
9 650 0
8 651 7
7 652 6
5 653 2
6 654 5
2 655 1
8 656 3
4 657 9
4 658 2
5 659 9
5 660 4
6 661 9
6 662 9
4 663 5
6 664 9
9 665 2
8 666 9
7 667 3
8 668 6
6 669 9
4 670 0
8 671 1
6 672 1
9 673 0
7 674 5
6 675 7
4 676 4
4 677 4
8 678 1
8 679 4
5 680 2
7 681 6
3 682 7
2 683 8
6 684 3
4 685 7
4 686 0
2 687 1
1 688 7
4 689 3
5 690 6
7 691 0
5 692 5
9 693 9
9 694 4
9 695 8
5 696 3
4 697 6
5 698 6
7 699 6
2 700 1
7 701 3
9 702 1
8 703 9
7 704 4
5 705 6
4 706 5
7 707 1
6 708 5
3 709 9
9 710 5
4 711 5
9 712 5
9 713 6
5 714 2
9 715 0
6 716 9
7 717 5
9 718 8
4 719 0
7 720 7
9 721 0
4 722 2
4 723 0
5 724 7
2 725 8
5 726 0
8 727 6
9 728 1
7 729 5
7 730 7
7 731 3
9 732 3
9 733 7
6 734 9
6 735 2
2 736 9
5 737 7
4 738 7
7 739 5
3 740 6
3 741 4
3 742 6
9 743 9
4 744 9
8 745 9
1 746 6
7 747 9
5 748 9
4 749 3
3 750 9
9 751 9
7 752 1
6 753 7
7 754 3
3 755 8
4 756 9
5 757 4
6 758 5
4 759 9
7 760 0
3 761 9
4 762 3
7 763 6
8 764 0
4 765 0
9 766 0
8 767 1
5 768 4
0 769 7
8 770 8
1 771 7
3 772 5
9 773 5
9 774 3
7 775 5
9 776 2
6 777 0
7 778 7
6 779 9
9 780 8
3 781 3
5 782 0
6 783 8
5 784 5
3 785 8
7 786 1
7 787 4
7 788 5
7 789 9
7 790 0
9 791 3
4 792 4
6 793 0
8 794 0
9 795 7
4 796 8
6 797 4
8 798 1
9 799 0
7 800 1
6 801 2
8 802 1
9 803 8
5 804 8
8 805 2
9 806 6
7 807 4
0 808 0
5 809 5
0 810 9
6 811 8
7 812 5
5 813 8
6 814 3
4 815 8
4 816 5
2 817 9
7 818 4
5 819 1
2 820 0
6 821 7
8 822 6
9 823 1
2 824 1
5 825 3
9 826 6
7 827 2
6 828 6
8 829 1
3 830 0
9 831 9
5 832 0
4 833 4
6 834 1
9 835 6
8 836 8
3 837 2
4 838 7
5 839 4
9 840 8
8 841 1
7 842 7
9 843 8
8 844 9
7 845 5
9 846 6
8 847 2
7 848 7
8 849 7
5 850 9
3 851 2
9 852 8
8 853 5
4 854 6
6 855 9
5 856 6
7 857 1
3 858 6
8 859 1
9 860 2
4 861 1
3 862 7
3 863 1
2 864 2
9 865 4
2 866 0
6 867 3
5 868 5
8 869 5
7 870 2
9 871 9
6 872 4
3 873 0
6 874 3
5 875 6
5 876 0
7 877 7
1 878 9
8 879 8
8 880 4
7 881 3
6 882 2
6 883 6
4 884 0
5 885 1
9 886 1
9 887 9
0 888 1
6 889 9
6 890 2
4 891 3
4 892 0
4 893 0
6 894 2
6 895 3
3 896 5
2 897 4
8 898 7
7 899 9
8 900 5
3 901 7
8 902 1
8 903 1
0 904 2
1 905 1
2 906 5
5 907 6
4 908 7
4 909 4
2 910 2
3 911 1
8 912 2
7 913 8
4 914 5
9 915 6
9 916 5
9 917 3
7 918 4
9 919 3
9 920 6
9 921 9
9 922 6
9 923 2
6 924 0
8 925 5
5 926 1
9 927 5
7 928 9
6 929 2
9 930 2
6 931 5
1 932 8
8 933 8
8 934 6
8 935 0
6 936 4
7 937 4
3 938 3
8 939 4
9 940 9
3 941 2
8 942 3
8 943 4
3 944 5
3 945 3
4 946 6
8 947 0
8 948 4
9 949 4
9 950 1
4 951 1
6 952 9
2 953 4
1 954 8
3 955 5
8 956 6
8 957 7
7 958 7
9 959 7
2 960 7
9 961 6
4 962 1
6 963 5
9 964 8
8 965 9
8 966 2
7 967 7
8 968 8
5 969 3
3 970 9
8 971 3
9 972 8
5 973 5
2 974 1
4 975 4
8 976 4
9 977 1
8 978 7
6 979 3
8 980 9
4 981 6
9 982 1
6 983 6
2 984 1
3 985 0
7 986 2
5 987 2
5 988 0
2 989 7
8 990 8
4 991 1
3 992 5
2 993 2
8 994 7
7 995 9
9 996 0
5 997 4
7 998 9
8 999 8
