6 0 5
7 1 7
6 2 1
1 3 1
8 4 2
9 5 6
7 6 1
7 7 9
5 8 3
7 9 1
9 10 5
9 11 9
6 12 1
8 13 5
8 14 9
7 15 8
4 16 2
6 17 6
6 18 6
6 19 5
6 20 4
9 21 1
5 22 9
6 23 1
9 24 1
9 25 9
8 26 0
3 27 6
6 28 4
6 29 9
8 30 6
8 31 2
5 32 2
9 33 8
7 34 2
1 35 8
8 36 7
6 37 5
6 38 3
8 39 7
9 40 0
8 41 4
8 42 9
5 43 1
8 44 2
9 45 6
2 46 9
4 47 6
7 48 2
5 49 7
8 50 6
9 51 6
8 52 6
8 53 1
3 54 9
4 55 1
7 56 9
7 57 4
1 58 6
3 59 5
9 60 4
3 61 8
4 62 7
6 63 0
8 64 5
9 65 9
6 66 1
1 67 7
9 68 4
2 69 9
9 70 0
5 71 0
4 72 8
2 73 2
6 74 4
7 75 1
9 76 8
6 77 3
9 78 5
9 79 2
6 80 0
3 81 1
8 82 1
8 83 1
9 84 2
3 85 3
8 86 5
7 87 7
5 88 2
8 89 8
9 90 3
6 91 5
7 92 1
7 93 1
5 94 9
5 95 7
9 96 8
6 97 8
6 98 1
8 99 3
4 100 6
5 101 7
6 102 8
4 103 4
7 104 6
9 105 6
4 106 0
6 107 6
9 108 3
6 109 7
5 110 5
6 111 0
9 112 0
1 113 8
9 114 9
8 115 8
8 116 4
6 117 2
7 118 3
7 119 0
8 120 5
3 121 7
8 122 4
7 123 6
6 124 7
7 125 6
8 126 1
7 127 1
2 128 6
4 129 9
1 130 1
8 131 7
6 132 3
7 133 7
0 134 6
3 135 0
5 136 6
9 137 6
8 138 9
8 139 6
5 140 6
8 141 9
9 142 3
5 143 9
5 144 9
9 145 1
5 146 9
6 147 3
7 148 9
8 149 8
4 150 7
6 151 6
9 152 0
6 153 9
2 154 9
3 155 8
9 156 3
3 157 7
6 158 7
6 159 0
5 160 9
4 161 7
9 162 1
3 163 2
4 164 3
9 165 5
8 166 9
9 167 4
7 168 2
8 169 2
9 170 0
1 171 3
5 172 3
7 173 5
2 174 5
5 175 8
9 176 1
5 177 6
9 178 1
5 179 8
8 180 3
9 181 1
9 182 1
6 183 9
3 184 7
9 185 6
6 186 4
9 187 6
7 188 3
2 189 3
8 190 4
4 191 9
7 192 9
0 193 2
6 194 5
1 195 5
8 196 8
5 197 7
0 198 7
6 199 2
4 200 2
9 201 5
3 202 9
4 203 5
6 204 8
6 205 3
9 206 3
4 207 5
1 208 2
6 209 1
0 210 3
7 211 6
4 212 0
0 213 3
2 214 4
7 215 5
9 216 8
6 217 5
7 218 1
4 219 3
4 220 1
9 221 2
4 222 8
5 223 2
2 224 9
0 225 6
8 226 3
6 227 2
0 228 2
6 229 7
2 230 9
7 231 5
9 232 2
6 233 1
8 234 6
5 235 2
6 236 7
9 237 5
3 238 0
8 239 7
4 240 1
7 241 7
9 242 3
3 243 2
5 244 9
8 245 9
9 246 2
5 247 9
8 248 1
9 249 6
6 250 8
9 251 8
8 252 0
4 253 2
7 254 9
4 255 9
5 256 6
7 257 6
5 258 7
9 259 6
1 260 2
4 261 2
8 262 2
9 263 3
4 264 2
2 265 2
6 266 4
9 267 2
7 268 5
7 269 5
7 270 6
9 271 1
4 272 6
5 273 8
3 274 0
9 275 8
1 276 1
1 277 1
8 278 9
1 279 7
6 280 7
7 281 1
4 282 3
9 283 3
8 284 6
4 285 3
4 286 7
9 287 5
7 288 6
4 289 2
7 290 8
5 291 2
7 292 0
6 293 8
9 294 7
9 295 4
8 296 5
4 297 0
6 298 5
3 299 6
8 300 4
4 301 0
4 302 5
2 303 7
3 304 7
2 305 0
7 306 2
9 307 4
5 308 5
5 309 5
9 310 1
6 311 3
6 312 4
5 313 3
9 314 9
5 315 1
2 316 7
8 317 4
4 318 2
9 319 0
9 320 2
7 321 4
9 322 8
9 323 2
5 324 8
4 325 3
8 326 7
1 327 0
8 328 9
0 329 2
5 330 9
1 331 4
5 332 2
6 333 4
7 334 6
8 335 7
9 336 6
3 337 1
1 338 5
8 339 3
4 340 0
9 341 0
7 342 2
3 343 4
9 344 2
3 345 5
8 346 3
6 347 1
8 348 2
4 349 7
5 350 1
5 351 6
6 352 5
2 353 6
9 354 1
7 355 3
5 356 4
8 357 0
3 358 2
2 359 5
3 360 2
8 361 4
1 362 8
5 363 2
7 364 6
6 365 9
5 366 7
9 367 1
2 368 5
7 369 3
9 370 9
9 371 9
8 372 7
6 373 3
9 374 1
7 375 6
8 376 6
0 377 1
8 378 6
4 379 7
4 380 2
8 381 2
4 382 0
8 383 9
3 384 3
5 385 8
9 386 2
9 387 2
3 388 4
7 389 7
7 390 3
4 391 6
9 392 1
7 393 4
7 394 0
3 395 7
9 396 8
3 397 9
4 398 0
6 399 1
6 400 1
0 401 2
8 402 0
9 403 4
7 404 0
5 405 2
1 406 8
9 407 1
8 408 0
8 409 7
8 410 6
8 411 6
5 412 1
8 413 2
7 414 1
7 415 5
3 416 0
1 417 1
6 418 1
9 419 2
6 420 7
6 421 6
8 422 7
2 423 1
4 424 0
9 425 2
6 426 6
7 427 3
6 428 8
4 429 4
8 430 5
5 431 8
1 432 0
7 433 5
7 434 1
7 435 8
8 436 8
9 437 7
8 438 6
7 439 1
6 440 2
8 441 3
8 442 6
2 443 7
4 444 6
5 445 5
5 446 8
8 447 9
9 448 4
4 449 3
4 450 8
9 451 4
6 452 6
9 453 7
7 454 4
7 455 0
7 456 7
1 457 2
5 458 2
6 459 6
9 460 8
9 461 3
9 462 5
2 463 8
8 464 4
9 465 6
8 466 6
2 467 4
1 468 0
8 469 4
4 470 5
4 471 6
9 472 4
3 473 6
4 474 6
6 475 6
7 476 2
7 477 3
5 478 8
8 479 9
7 480 5
3 481 2
5 482 7
9 483 0
4 484 6
8 485 4
8 486 5
3 487 2
6 488 9
8 489 3
4 490 0
7 491 6
3 492 0
9 493 2
8 494 8
7 495 3
6 496 4
8 497 9
7 498 4
7 499 8
9 500 1
9 501 6
3 502 7
7 503 4
8 504 8
8 505 5
7 506 5
8 507 3
8 508 5
5 509 8
8 510 3
6 511 3
4 512 0
2 513 7
5 514 8
9 515 9
5 516 3
6 517 8
2 518 3
6 519 7
2 520 2
8 521 3
8 522 9
6 523 9
2 524 4
7 525 7
8 526 8
5 527 1
8 528 9
8 529 9
2 530 5
5 531 6
8 532 9
0 533 6
8 534 8
1 535 8
7 536 5
9 537 4
9 538 7
7 539 9
5 540 6
6 541 4
5 542 9
9 543 8
1 544 1
7 545 0
4 546 2
9 547 6
4 548 8
8 549 7
8 550 3
7 551 7
4 552 3
8 553 0
7 554 3
1 555 4
3 556 5
7 557 5
9 558 9
8 559 4
2 560 1
7 561 8
8 562 0
0 563 1
8 564 9
7 565 6
1 566 8
4 567 6
6 568 9
9 569 7
2 570 4
8 571 4
1 572 8
9 573 4
3 574 3
8 575 2
8 576 8
3 577 5
6 578 9
8 579 9
3 580 1
7 581 5
6 582 8
3 583 6
2 584 9
9 585 3
2 586 2
2 587 4
2 588 2
6 589 2
5 590 9
5 591 5
5 592 0
6 593 2
2 594 8
6 595 8
8 596 4
6 597 0
5 598 4
6 599 8
9 600 8
5 601 7
3 602 0
6 603 4
9 604 6
9 605 6
8 606 7
7 607 9
2 608 7
8 609 6
6 610 1
6 611 3
8 612 8
7 613 9
7 614 0
9 615 9
2 616 3
7 617 0
9 618 5
5 619 4
8 620 6
3 621 0
8 622 3
7 623 3
6 624 4
9 625 9
9 626 8
6 627 5
9 628 4
9 629 7
7 630 8
8 631 3
5 632 1
4 633 2
6 634 7
6 635 2
3 636 0
8 637 0
8 638 3
8 639 9
0 640 4
6 641 7
7 642 9
2 643 3
6 644 0
9 645 5
4 646 2
9 647 8
6 648 7
7 649 1
6 650 1
8 651 2
5 652 9
6 653 9
9 654 7
7 655 5
6 656 8
7 657 8
7 658 4
7 659 8
8 660 4
1 661 5
9 662 8
4 663 3
6 664 2
6 665 0
4 666 6
4 667 2
2 668 6
9 669 7
1 670 9
7 671 4
2 672 0
4 673 1
7 674 5
4 675 4
3 676 1
7 677 7
8 678 3
9 679 1
3 680 3
7 681 3
1 682 0
4 683 9
5 684 8
7 685 6
6 686 1
5 687 5
1 688 7
9 689 3
4 690 8
7 691 1
4 692 3
2 693 2
9 694 6
7 695 4
8 696 5
8 697 6
5 698 7
0 699 1
9 700 4
6 701 5
8 702 5
9 703 4
3 704 7
9 705 4
7 706 1
9 707 1
6 708 9
6 709 1
7 710 7
3 711 0
2 712 7
8 713 1
4 714 5
5 715 7
9 716 5
2 717 9
9 718 4
5 719 6
2 720 0
7 721 2
2 722 0
8 723 7
7 724 2
7 725 2
7 726 9
9 727 1
9 728 0
3 729 0
9 730 6
6 731 0
2 732 4
2 733 8
8 734 4
2 735 4
8 736 9
9 737 8
8 738 9
5 739 0
7 740 5
1 741 5
8 742 5
8 743 3
2 744 7
3 745 1
9 746 3
6 747 2
3 748 3
0 749 6
2 750 4
9 751 2
5 752 4
7 753 8
2 754 8
5 755 1
2 756 0
5 757 6
9 758 3
8 759 0
4 760 7
3 761 6
9 762 5
5 763 6
9 764 6
5 765 2
3 766 4
4 767 3
1 768 3
8 769 8
6 770 9
3 771 0
6 772 5
6 773 2
5 774 6
5 775 1
7 776 9
3 777 2
8 778 2
3 779 1
4 780 4
6 781 6
3 782 9
8 783 5
7 784 7
7 785 2
9 786 2
6 787 7
8 788 5
8 789 8
5 790 6
7 791 6
8 792 9
6 793 2
5 794 1
8 795 9
9 796 9
6 797 5
6 798 9
8 799 5
9 800 7
7 801 8
5 802 9
7 803 6
4 804 1
8 805 0
8 806 1
6 807 4
8 808 8
8 809 9
4 810 5
4 811 0
6 812 6
4 813 0
3 814 8
5 815 0
0 816 0
7 817 0
7 818 1
4 819 9
4 820 8
4 821 8
6 822 0
6 823 0
6 824 2
6 825 0
7 826 0
4 827 3
6 828 7
4 829 1
9 830 9
1 831 7
8 832 1
2 833 4
4 834 0
8 835 8
2 836 5
8 837 1
9 838 3
2 839 6
9 840 1
3 841 4
5 842 3
2 843 5
8 844 1
6 845 8
9 846 4
9 847 9
1 848 7
6 849 2
1 850 3
8 851 2
5 852 6
2 853 3
4 854 7
7 855 9
2 856 0
1 857 9
8 858 8
5 859 2
0 860 0
7 861 9
8 862 0
7 863 7
9 864 5
5 865 0
9 866 1
8 867 5
0 868 5
2 869 2
6 870 0
9 871 6
7 872 1
2 873 2
9 874 9
7 875 7
6 876 5
5 877 9
6 878 1
5 879 4
7 880 1
7 881 4
8 882 4
7 883 2
8 884 7
5 885 9
4 886 8
8 887 9
7 888 6
6 889 3
9 890 8
4 891 4
7 892 9
8 893 4
6 894 7
9 895 1
1 896 8
8 897 8
7 898 0
7 899 6
5 900 7
8 901 5
9 902 1
8 903 6
7 904 6
6 905 0
8 906 8
2 907 7
5 908 9
2 909 4
8 910 8
5 911 0
9 912 2
0 913 3
6 914 1
7 915 3
8 916 6
7 917 8
9 918 7
4 919 6
8 920 4
9 921 2
7 922 1
5 923 8
9 924 4
8 925 3
8 926 3
2 927 5
4 928 0
6 929 1
9 930 4
6 931 2
5 932 2
9 933 6
6 934 1
9 935 0
9 936 5
8 937 5
9 938 6
5 939 5
8 940 7
6 941 7
6 942 6
9 943 5
9 944 6
3 945 8
7 946 0
9 947 9
3 948 8
0 949 4
5 950 9
2 951 6
3 952 4
8 953 2
8 954 5
8 955 0
8 956 1
5 957 8
7 958 8
2 959 8
2 960 7
7 961 7
1 962 3
6 963 4
6 964 6
2 965 5
6 966 8
5 967 4
7 968 6
3 969 5
8 970 0
9 971 4
9 972 5
1 973 7
2 974 7
6 975 7
4 976 9
8 977 9
2 978 5
8 979 1
5 980 3
9 981 3
5 982 8
9 983 7
1 984 2
7 985 8
3 986 8
8 987 8
8 988 4
6 989 8
8 990 1
7 991 5
9 992 7
3 993 4
1 994 3
6 995 0
6 996 1
7 997 6
1 998 1
3 999 2
