6 0 7
9 1 8
9 2 1
8 3 3
7 4 7
5 5 5
6 6 7
7 7 6
4 8 7
8 9 4
9 10 7
9 11 8
5 12 6
6 13 9
9 14 1
8 15 6
6 16 8
3 17 7
6 18 9
9 19 8
4 20 9
9 21 1
0 22 4
3 23 4
8 24 9
9 25 3
9 26 8
8 27 8
7 28 2
9 29 9
8 30 7
2 31 7
8 32 1
6 33 9
5 34 8
6 35 2
9 36 3
2 37 3
2 38 2
8 39 4
7 40 0
6 41 3
9 42 6
3 43 7
3 44 1
5 45 1
5 46 5
7 47 7
9 48 0
2 49 8
9 50 9
5 51 6
5 52 6
9 53 8
8 54 2
6 55 9
6 56 3
7 57 3
3 58 2
2 59 9
9 60 0
9 61 1
4 62 3
8 63 4
1 64 8
4 65 3
9 66 5
8 67 0
9 68 9
8 69 3
8 70 8
2 71 3
9 72 5
6 73 9
8 74 2
5 75 7
2 76 4
3 77 6
6 78 6
5 79 8
6 80 4
5 81 9
7 82 2
3 83 7
9 84 0
8 85 6
4 86 2
7 87 2
8 88 3
4 89 5
6 90 6
9 91 4
9 92 2
8 93 8
8 94 1
2 95 7
4 96 9
7 97 2
9 98 1
3 99 3
6 100 3
6 101 7
9 102 6
4 103 0
9 104 3
9 105 6
2 106 8
6 107 7
7 108 3
9 109 9
8 110 9
8 111 9
7 112 1
6 113 2
2 114 7
4 115 7
8 116 7
8 117 7
1 118 2
0 119 7
4 120 0
6 121 9
9 122 6
9 123 7
3 124 7
0 125 4
7 126 1
4 127 3
9 128 4
3 129 0
4 130 4
6 131 7
7 132 3
2 133 8
7 134 3
3 135 3
0 136 4
4 137 1
5 138 5
6 139 0
2 140 1
4 141 4
9 142 3
4 143 2
7 144 1
3 145 7
8 146 6
9 147 8
6 148 6
1 149 0
3 150 8
4 151 3
1 152 2
9 153 7
8 154 7
9 155 0
8 156 7
2 157 5
4 158 9
6 159 1
2 160 7
5 161 9
9 162 7
1 163 3
7 164 1
2 165 4
5 166 7
0 167 3
6 168 8
7 169 4
0 170 8
9 171 5
6 172 3
6 173 5
8 174 3
9 175 0
6 176 4
9 177 8
5 178 7
4 179 8
8 180 3
5 181 9
4 182 4
6 183 6
9 184 5
7 185 9
4 186 4
7 187 6
7 188 8
2 189 7
2 190 4
7 191 7
3 192 0
3 193 4
4 194 2
7 195 6
4 196 9
4 197 7
2 198 3
9 199 7
8 200 5
8 201 9
7 202 2
4 203 4
6 204 2
6 205 5
5 206 7
9 207 0
3 208 2
5 209 0
9 210 2
6 211 3
7 212 3
1 213 2
9 214 9
7 215 2
9 216 6
8 217 1
5 218 6
6 219 8
5 220 7
3 221 0
7 222 8
3 223 6
7 224 9
9 225 3
8 226 2
3 227 9
0 228 7
6 229 7
3 230 8
7 231 9
5 232 3
5 233 0
5 234 2
7 235 8
7 236 2
7 237 4
9 238 2
6 239 0
6 240 4
1 241 3
6 242 5
9 243 5
6 244 8
8 245 0
8 246 4
8 247 5
8 248 3
4 249 4
7 250 0
7 251 2
3 252 4
6 253 3
9 254 7
9 255 5
8 256 1
2 257 0
5 258 7
3 259 4
8 260 8
5 261 8
7 262 8
6 263 1
1 264 5
5 265 6
9 266 6
6 267 2
7 268 4
9 269 8
1 270 7
1 271 7
9 272 3
7 273 3
8 274 1
8 275 7
6 276 4
9 277 6
7 278 2
1 279 0
7 280 6
9 281 0
5 282 7
8 283 8
8 284 7
6 285 1
6 286 2
3 287 6
4 288 0
8 289 2
7 290 3
7 291 6
9 292 0
4 293 5
8 294 9
7 295 8
7 296 9
8 297 4
0 298 5
3 299 8
4 300 4
6 301 9
7 302 3
7 303 8
2 304 9
6 305 5
9 306 6
4 307 9
0 308 3
2 309 6
9 310 9
4 311 1
1 312 7
9 313 3
9 314 9
7 315 9
3 316 8
8 317 3
9 318 4
0 319 9
1 320 2
0 321 1
3 322 8
7 323 1
2 324 9
8 325 6
8 326 8
3 327 0
3 328 0
1 329 9
7 330 4
3 331 7
9 332 4
4 333 9
5 334 2
2 335 7
1 336 4
9 337 3
1 338 0
4 339 5
4 340 5
9 341 6
4 342 8
6 343 4
7 344 2
9 345 3
8 346 4
6 347 3
6 348 1
8 349 9
8 350 1
6 351 3
5 352 0
8 353 7
4 354 0
8 355 6
9 356 4
7 357 5
6 358 5
4 359 3
7 360 2
2 361 4
5 362 6
8 363 4
7 364 5
9 365 9
8 366 1
8 367 5
9 368 7
2 369 7
6 370 2
6 371 6
8 372 9
8 373 8
2 374 5
8 375 7
5 376 5
6 377 5
9 378 3
9 379 6
4 380 9
8 381 2
3 382 7
4 383 8
8 384 8
2 385 6
7 386 0
7 387 3
7 388 9
2 389 5
2 390 8
9 391 4
7 392 6
9 393 1
4 394 3
7 395 0
2 396 3
1 397 1
9 398 7
3 399 5
5 400 8
6 401 0
9 402 0
8 403 4
9 404 3
3 405 1
7 406 2
8 407 8
4 408 1
7 409 9
3 410 6
9 411 2
6 412 2
3 413 2
7 414 2
1 415 4
7 416 6
9 417 0
7 418 4
2 419 6
9 420 6
7 421 1
6 422 4
9 423 1
6 424 3
8 425 1
6 426 0
8 427 8
9 428 0
6 429 1
1 430 2
8 431 6
5 432 5
8 433 3
1 434 0
5 435 3
6 436 1
7 437 0
8 438 2
3 439 4
4 440 9
7 441 7
9 442 7
2 443 0
4 444 6
7 445 4
6 446 9
9 447 3
4 448 2
7 449 6
9 450 2
5 451 3
2 452 7
7 453 6
7 454 3
3 455 2
2 456 2
3 457 3
9 458 2
3 459 4
2 460 5
6 461 0
7 462 5
7 463 7
5 464 6
6 465 4
3 466 0
9 467 3
8 468 5
2 469 1
7 470 5
6 471 3
8 472 2
7 473 7
4 474 6
5 475 4
7 476 2
4 477 8
8 478 7
5 479 4
6 480 4
6 481 4
2 482 2
9 483 8
7 484 4
2 485 3
3 486 4
2 487 1
8 488 3
3 489 5
5 490 7
8 491 3
8 492 4
9 493 0
5 494 5
4 495 6
8 496 8
8 497 6
5 498 8
2 499 8
1 500 2
6 501 6
8 502 9
1 503 8
9 504 4
9 505 3
6 506 0
6 507 2
2 508 0
6 509 1
5 510 8
1 511 1
7 512 7
8 513 6
6 514 1
0 515 6
5 516 0
4 517 5
2 518 4
3 519 0
8 520 6
9 521 8
9 522 8
7 523 2
8 524 9
0 525 7
6 526 3
8 527 8
5 528 5
5 529 6
9 530 5
9 531 5
8 532 8
8 533 8
9 534 4
6 535 5
6 536 2
9 537 8
8 538 3
7 539 3
6 540 2
1 541 0
6 542 6
8 543 2
9 544 7
9 545 4
1 546 9
4 547 7
9 548 7
8 549 8
5 550 4
7 551 4
9 552 3
5 553 7
5 554 2
4 555 1
7 556 0
8 557 1
7 558 8
9 559 2
9 560 9
6 561 2
4 562 9
9 563 9
7 564 9
1 565 9
8 566 6
6 567 3
8 568 2
6 569 4
7 570 9
1 571 6
9 572 8
4 573 6
6 574 2
8 575 8
5 576 4
8 577 0
5 578 4
7 579 5
5 580 3
7 581 7
3 582 6
7 583 9
6 584 4
8 585 1
3 586 5
5 587 7
5 588 3
4 589 6
7 590 2
7 591 0
7 592 7
6 593 5
8 594 8
5 595 5
0 596 6
8 597 5
9 598 2
2 599 7
9 600 3
5 601 6
9 602 2
9 603 9
9 604 2
7 605 1
5 606 8
8 607 3
6 608 9
0 609 7
7 610 5
5 611 7
4 612 3
6 613 3
4 614 2
9 615 1
9 616 1
5 617 9
5 618 9
9 619 5
8 620 2
2 621 9
6 622 0
8 623 1
8 624 5
5 625 4
8 626 1
4 627 1
2 628 9
4 629 6
7 630 6
9 631 2
5 632 5
9 633 8
8 634 4
7 635 2
4 636 3
3 637 7
7 638 4
8 639 1
5 640 8
7 641 2
8 642 7
3 643 9
3 644 3
5 645 9
9 646 4
9 647 1
9 648 7
8 649 5
8 650 3
8 651 6
1 652 2
7 653 2
1 654 9
4 655 0
4 656 9
3 657 0
5 658 2
6 659 6
5 660 6
8 661 2
9 662 1
5 663 2
5 664 2
5 665 9
9 666 4
8 667 1
9 668 1
9 669 4
2 670 2
7 671 0
9 672 5
7 673 1
7 674 2
7 675 6
8 676 5
3 677 5
9 678 0
2 679 5
5 680 2
9 681 4
3 682 1
5 683 5
6 684 9
5 685 3
8 686 3
2 687 6
5 688 9
9 689 1
9 690 9
6 691 4
8 692 3
9 693 4
5 694 3
7 695 3
8 696 2
9 697 2
5 698 8
6 699 7
9 700 6
6 701 0
8 702 3
7 703 8
8 704 6
8 705 9
8 706 0
5 707 1
9 708 1
6 709 0
5 710 5
6 711 9
3 712 6
4 713 1
9 714 1
9 715 4
8 716 7
8 717 9
7 718 7
5 719 7
6 720 5
7 721 9
8 722 0
4 723 1
8 724 0
7 725 7
7 726 5
3 727 7
8 728 9
7 729 4
8 730 1
3 731 7
8 732 9
6 733 0
9 734 7
1 735 3
9 736 1
5 737 1
9 738 3
7 739 5
8 740 8
9 741 8
9 742 1
8 743 7
9 744 6
2 745 6
7 746 2
9 747 0
4 748 1
4 749 0
5 750 6
7 751 3
5 752 9
9 753 2
7 754 8
9 755 2
7 756 1
9 757 6
2 758 4
2 759 4
4 760 0
9 761 1
7 762 1
4 763 5
5 764 0
5 765 6
8 766 2
6 767 6
6 768 7
6 769 9
9 770 6
4 771 4
5 772 2
1 773 6
6 774 4
9 775 9
3 776 6
4 777 0
4 778 4
9 779 8
8 780 5
7 781 8
8 782 3
4 783 0
6 784 0
8 785 8
8 786 3
8 787 9
2 788 1
9 789 9
5 790 9
3 791 4
3 792 5
5 793 3
4 794 7
9 795 9
6 796 9
8 797 6
8 798 9
7 799 0
6 800 0
8 801 3
8 802 4
9 803 8
7 804 5
7 805 4
8 806 3
9 807 2
9 808 6
4 809 4
8 810 5
7 811 8
8 812 3
9 813 5
5 814 3
6 815 0
8 816 8
6 817 3
9 818 5
2 819 6
3 820 7
8 821 9
8 822 6
5 823 6
2 824 6
8 825 0
5 826 4
8 827 6
8 828 4
9 829 0
7 830 7
6 831 0
8 832 2
4 833 4
8 834 7
7 835 9
9 836 5
5 837 0
5 838 0
9 839 4
9 840 6
4 841 5
7 842 3
8 843 3
9 844 5
3 845 9
9 846 4
8 847 1
6 848 5
6 849 0
2 850 2
8 851 1
1 852 4
8 853 0
0 854 1
9 855 4
8 856 0
3 857 6
9 858 5
8 859 8
4 860 9
6 861 2
6 862 0
0 863 0
1 864 4
4 865 4
5 866 1
6 867 7
9 868 0
9 869 2
8 870 7
8 871 7
5 872 0
8 873 6
9 874 0
9 875 2
9 876 8
4 877 9
3 878 5
3 879 8
7 880 8
5 881 5
7 882 6
7 883 8
8 884 0
5 885 4
2 886 0
5 887 2
3 888 7
9 889 9
2 890 2
6 891 3
2 892 7
6 893 5
9 894 0
8 895 3
4 896 4
9 897 1
9 898 5
5 899 3
4 900 1
8 901 4
9 902 2
7 903 1
8 904 1
6 905 5
6 906 9
7 907 0
7 908 0
6 909 9
7 910 5
5 911 1
5 912 1
1 913 8
8 914 6
4 915 8
9 916 8
1 917 0
6 918 7
4 919 5
9 920 1
8 921 4
9 922 5
4 923 5
6 924 2
7 925 9
6 926 5
7 927 3
5 928 6
9 929 0
3 930 3
4 931 9
9 932 8
4 933 3
5 934 9
8 935 5
6 936 2
7 937 9
3 938 0
3 939 0
4 940 7
9 941 5
4 942 8
9 943 4
7 944 4
3 945 2
3 946 2
3 947 9
6 948 6
5 949 6
6 950 0
8 951 5
3 952 0
7 953 6
1 954 8
3 955 5
9 956 4
9 957 1
4 958 8
9 959 1
8 960 8
9 961 5
8 962 9
6 963 9
8 964 9
8 965 9
9 966 6
3 967 1
8 968 2
5 969 0
7 970 9
5 971 8
4 972 5
7 973 2
7 974 7
6 975 0
3 976 1
3 977 1
3 978 2
3 979 4
9 980 9
6 981 8
9 982 6
9 983 6
7 984 8
4 985 4
6 986 1
3 987 3
6 988 2
6 989 9
9 990 6
8 991 7
9 992 0
6 993 9
8 994 1
6 995 8
7 996 7
6 997 4
4 998 0
5 999 9
